a <- 1
z <- 456
