a <- 1
z <- 456
x <- 42
